logFC	Pval	Warning	FDR
ABCC6	0.321895307378012	5.71802949655975e-07	NA	0.000310260280483332
AC104841.2	-0.158853753524474	2.74454061588436e-06	NA	0.00127644663272473
ADAL	-0.32806087812642	1.93166812367807e-05	NA	0.00616543014063364
AHSG	-0.0386026589935081	0.000254860294479853	NA	0.0384131099402134
AP000350.4	-0.49385446116088	6.8191361264347e-05	NA	0.0150517321799366
ASGR2	0.104027490452424	0.000228307032340336	NA	0.0360813774022911
BCHE	0.640775579067099	0.000136229745791416	NA	0.0249162674381199
C16orf86	0.280655987027891	0	NA	0
C1orf94	-0.274611611481923	5.79311423565265e-06	NA	0.00219303054716172
C1QTNF6	-0.304237214082611	0.000326351458370899	NA	0.0461943394727087
C7orf13	-0.37676631182213	8.5986517439629e-07	NA	0.000451512429316865
CCDC7	0.159264494637487	7.93769916973552e-06	NA	0.00280891015402076
CDC25C	-0.170789038582752	5.94042592894084e-11	NA	1.38140361816141e-07
CDC42BPG	0.154303859811703	1.40214426735952e-07	NA	0.000103745929018537
CDKN2A	-0.31124898058834	6.22891987216434e-05	NA	0.0149109349528075
CKMT2	0.330078265695006	2.77529657288778e-05	NA	0.00821386865699404
CLSTN2	0.41111325717687	3.15326915667491e-06	NA	0.00138726798195552
CTC-479C5.12	0.142746496209486	7.1326428263685e-06	NA	0.00258011466505836
CTD-2600O9.1	-0.0522449854476641	0	NA	0
DAZL	-0.0717312052569637	9.38366535880863e-05	NA	0.0196803303765166
DGAT2	-0.401051910466809	7.71340546990018e-09	NA	8.37058761593568e-06
DPF3	0.508201665368936	0.000333745589984114	NA	0.0468337130496672
DROSHA	-0.0592791487348877	0.000207631359339988	NA	0.0334635967063003
EEF1E1-BLOC1S5	0.176975727862862	3.3148856515286e-06	NA	0.00138759934630302
EIF3J	-0.0874629500665241	0.000163009739662545	NA	0.0283852760183067
FBLIM1	-0.343387075257281	6.78775694284983e-05	NA	0.0150517321799366
FBXO24	0.136292129177185	0.000159426186876477	NA	0.0282080377171227
FBXW11	0.0688853130455781	0.00010332872900376	NA	0.0205120128136976
FRY	-0.379245013777158	0.000233414954925903	NA	0.0361305419126064
FRZB	-0.390441343394565	0	NA	0
GCDH	0.388961122298338	1.54930689615362e-05	NA	0.00504392353111774
GCSAML	-0.115440422932775	4.50115948025243e-06	NA	0.00178707009803778
GLT6D1	-0.0532001768403431	1.5685654775055e-07	NA	0.000106387953511811
GNL3	-0.202799905965565	0.000125009612384153	NA	0.0232687636992028
GOLGA8K	0.1601000195204	3.48571903727724e-05	NA	0.00978285077393083
GPR39	-0.562023373175645	0.000212171459088362	NA	0.0338600687356897
GSTT2B	0.229703301243693	9.43030943216794e-05	NA	0.0196803303765166
HCG27	-0.219635164116365	0.000117458328853903	NA	0.0222324032219051
HELQ	0.250270371384269	6.42024454093892e-05	NA	0.0149298200910577
HSD17B8	0.328586724601739	2.07991297629384e-06	NA	0.0010259643463064
IGJ	-0.229419679912245	8.33366708974381e-11	NA	1.69569291108562e-07
IGSF9	0.191097061519757	3.69181063497592e-09	NA	4.62271488585678e-06
IK	-0.156622145285074	0.000266623891377327	NA	0.0398174651728452
ING2	-0.258117750084061	0.000186622163422356	NA	0.0309983222060114
INTS8	0.0936130177334514	8.54702042474287e-09	NA	8.69552490462278e-06
KMO	-0.498871196981152	3.92174139829393e-07	NA	0.000220131401660099
LIN54	-0.156447615036879	2.27714924410094e-05	NA	0.0069938557349953
MATN1	-0.118237550008725	5.1421422420761e-05	NA	0.0126823926388659
METTL12	0.552530668238933	1.48058493243397e-07	NA	0.000104786789261566
MIB1	0.122594459301697	2.90247055323434e-06	NA	0.00131240043515413
MYO15A	-0.305761659890639	3.92792244658935e-05	NA	0.0103126970299325
MYT1L	-0.282355546374707	9.72569792416778e-05	NA	0.0197509322539261
NCL	-0.163342314584501	1.71822638850294e-06	NA	0.00087404028600159
NPAS2	-0.355408240295727	4.9581538208443e-06	NA	0.00192163875942151
NSL1	0.0768766566519271	3.67993842884662e-05	NA	0.00998367295746088
NTF3	0.754979184837852	0.000253930843955308	NA	0.0384131099402134
NTN4	0.284885736100481	6.57540301958193e-05	NA	0.0150517321799366
OIP5	-0.107129861600291	2.64072506617197e-06	NA	0.00126428595962198
OPN3	-0.456751158965454	3.62967731899477e-05	NA	0.00998367295746088
OTOG	0.264229411464838	4.95846208536932e-09	NA	5.76527470183156e-06
PABPN1	-0.474975014611765	4.30758344238669e-06	NA	0.00175297108187926
PADI1	-0.0727953183697362	0.00010550913754126	NA	0.020692502902369
PASK	-0.224414656986349	6.84253705194315e-05	NA	0.0150517321799366
PES1	-0.197450222269317	1.01606489888439e-08	NA	9.7291202494354e-06
PGF	-0.350122046004226	0.000177722581281792	NA	0.0304522966116316
PITX3	-0.0485227428113562	3.36852344906546e-07	NA	0.000200334531641128
PLG	-0.206849202052957	0.00011638555313298	NA	0.0222324032219051
PNN	-0.17258379775586	0.000276480349558517	NA	0.0405454696406625
POLR3H	0.140026297146278	0.000349182599393094	NA	0.0481694436688202
PPP1R13B	-0.110094882249606	4.91305553431687e-05	NA	0.0123038027673246
PPRC1	-0.245445555432848	1.32284972091945e-05	NA	0.00448611411606809
PRDM10	-0.334942411612347	2.97118259295903e-05	NA	0.0086365911157477
PRSS42	0.16865659568809	9.75800772569091e-05	NA	0.0197509322539261
RCC1	0.896979427858699	0.00023198592515139	NA	0.0361305419126064
RETSAT	0.216354600632926	0.000153579657059311	NA	0.0274721940396864
RGPD2	-0.743400617751494	2.60264495950402e-05	NA	0.00784552863903823
RIMBP3	-0.137793820111334	0.000163915465396292	NA	0.0283852760183067
RMDN1	0.249326841575954	3.86002113132999e-05	NA	0.0103005613075065
RNASEH1	-0.38080605569203	5.17954346079819e-10	NA	7.02605070457274e-07
RP11-127H5.1	-0.550228751834946	0.000182605486560572	NA	0.0308033319223588
RP11-181C3.1	0.150975493064142	0.000235276903964632	NA	0.0361305419126064
RP11-210M15.2	-0.275659461408255	4.39107429286434e-05	NA	0.011345699577658
RP11-603J24.9	-0.102179786451287	1.40936986297024e-05	NA	0.00468198421008768
SCRG1	0.589764187179065	1.00214210707605e-07	NA	8.15403833594226e-05
SEL1L2	-0.365750871935385	0.00028925353002407	NA	0.0416678669179806
SEMA3C	0.753333528265773	5.628444007022e-05	NA	0.0136745987382544
SLC16A6	-0.428249972618702	0.000280386101302543	NA	0.040751115687525
SLC22A4	-0.413184162348549	3.32451004458889e-06	NA	0.00138759934630302
SLC29A2	0.350607547771388	0	NA	0
SLC35F5	0.173948974185086	0.000108719254175771	NA	0.0210682383270619
SLC38A4	-0.117069440655816	4.89337286599945e-05	NA	0.0123038027673246
SMIM17	-0.155514688510013	3.72945230253663e-10	NA	5.51891132551739e-07
SMO	0.441210359604565	3.81759368561774e-08	NA	3.27067315865713e-05
SPATA25	0.383155448923787	0	NA	0
SPATA31E1	-0.112529456599474	6.38196986522122e-05	NA	0.0149298200910577
SPSB3	-0.0836488304388111	0.000197574415206514	NA	0.0324860235427438
SS18L1	-0.173571502905871	0.000125792554707571	NA	0.0232687636992028
STYK1	-0.622591514864436	3.27359497953594e-07	NA	0.000200334531641128
SUSD1	-0.417756170131575	0.000206250192918755	NA	0.0334635967063003
TBC1D14	0.0959018661638397	7.21476106233521e-05	NA	0.0156589174096923
TCP10L2	-0.174285224933944	9.20852134989047e-06	NA	0.00318928320284079
TDRD12	-0.26902350237092	3.03610166181301e-05	NA	0.00867046716684072
TIAM2	-0.16400730633382	2.5529263991686e-07	NA	0.000166226143702666
TMEM14C	0.284154974337184	1.05194007282705e-07	NA	8.15403833594226e-05
TMEM245	0.248636751904775	0.000324949545718045	NA	0.0461943394727087
TMEM254	-0.259848913190846	0.000147047935484368	NA	0.0265960699312727
TMEM54	0.403783840786271	9.82814542676014e-05	NA	0.0197509322539261
TMEM57	-0.11460835707288	3.44598039436761e-07	NA	0.000200334531641128
TUBD1	0.296615305117283	1.98348670821247e-10	NA	3.22871966362825e-07
UTS2B	-0.536381724561672	0.00027464254477283	NA	0.0405454696406625
VPS36	0.137307556699115	8.85961764323095e-05	NA	0.0189759021048044
VPS37B	-0.369679741481526	0.000338911785198626	NA	0.0471521883714806
WBP11	-0.176706283491348	1.85450226286576e-08	NA	1.67708821305161e-05
ZAR1L	-0.0271504682394094	0.000183555915743261	NA	0.0308033319223588
ZNF383	0.239717158758564	1.58187685173061e-10	NA	2.86108793249677e-07
ZNF559-ZNF177	-0.0368646718534539	5.97736491658729e-06	NA	0.002211353320732
ZNF790	-0.125552456677605	2.18917514129835e-05	NA	0.0068529601827028
ZNF99	0.405777132027274	0	NA	0
